%YAML:1.0
---
image_width: 1280
image_height: 720
camera_matrix: !!opencv-matrix
   rows: 3
   cols: 3
   dt: d
   data: [ 645.86188754033765, 0., 649.90107136893096, 0.,
       645.51138546278492, 372.64930423898187, 0., 0., 1. ]
dist_coeffs: !!opencv-matrix
   rows: 1
   cols: 5
   dt: d
   data: [ -0.047650952686154872, 0.055221610332645006,
       0.0015539571587067146, -0.00038867432908040945,
       -0.021897590265467354 ]
